StartDeltaMS	LastScanDeltaMS	Left Output Current	Right Output Current	Pose X	Pose Y	Pose Angle	Right Actual Velocity [in/s]	Left Actual Velocity [in/s]	Kallman X	Kallman Y	Kallman Theta	Kallman Vr	Kallman Vl	"Cov(X,X)"	"Cov(X,Y)"	"Cov(X,Theta)"	"Cov(X,Vr)"	"Cov(X,Vl)"	"Cov(Y,X)"	"Cov(Y,Y)"	"Cov(Y,Theta)"	"Cov(Y,Vr)"	"Cov(Y,Vl)"	"Cov(Theta,X)"	"Cov(Theta,Y)"	"Cov(Theta,Theta)"	"Cov(Theta,Vr)"	"Cov(Theta,Vl)"	"Cov(Vr,X)"	"Cov(Vr,Y)"	"Cov(Vr,Theta)"	"Cov(Vr,Vr)"	"Cov(Vr,Vl)"	"Cov(Vl,X)"	"Cov(Vl,Y)"	"Cov(Vl,Theta)"	"Cov(Vl,Vr)"	"Cov(Vl,Vl)"	Elevator: Target Position [in]	Elevator: Postion [in]	Elevator: Velocity [in/sec]	Elevator: AccelNu [in/sec^2]	Elevator: At Target Position?	Elevator: Scale Height Bump Amount:	State: Elevator	Infeed: Left Target Arm Position	Infeed: Right Target Arm Position	Infeed: L Position	Infeed: R Position:	Infeed: L/R Arms Homed?	State: Infeed	Carriage: LimitSwitch	Carriage: VBus Cmd	State: Carriage	Climber: Current
0	0	0	0.12	20	46	0	0	0	0	0	0	0	0	0	0	0	0	0	0	0	0	0	0	0	0	0	0	0	0	0	0	0	0	0	0	0	0	0	0	0	0	0	TRUE	0	N/A in 2019	0	0	0.090909091	4.545454545	false / false	N/A for 2019	FALSE	0.5	STOPPED	0
69	68	0.88	1.12	20.03231312	46	0	0.51	0.7	20.032	46	0	-0.831	0.895	0	0	0	0	0	0	0	0	0	0	0	0	0.01	0	0	0	0	0	0.01	0	0	0	0	0	0.01	0	0	0	0	TRUE	0	N/A in 2019	0	0	0	4.545454545	true / false	N/A for 2019	FALSE	0.5	STOPPED	0
95	26	0.5	0.62	20.05726781	46	0	0.06	0.06	20.057	46	0.026	-0.042	0.239	0	0	0	0	0	0	0	0	0	0	0	0	0.009	0	0	0	0	0	0.009	0	0	0	0	0	0.009	0	0	0	0	TRUE	0	N/A in 2019	0	0	0	4.545454545	true / false	N/A for 2019	FALSE	0.5	STOPPED	0
120	24	0	0.12	20.0601472	46	0	0.19	0	20.06	46	0.009	-0.107	0.041	0	0	0	0	0	0	0	0	0	0	0	0	0.008	0	0	0	0	0	0.008	0	0	0	0	0	0.008	0	0	0	0	TRUE	0	N/A in 2019	0	0	0	4.545454545	true / false	N/A for 2019	FALSE	0.5	STOPPED	0
145	25	0	0.12	20.06046713	46	0	0.06	0	20.06	46	0.004	0	0.049	0	0	0	0	0	0	0	0	0	0	0	0	0.008	0	0	0	0	0	0.008	0	0	0	0	0	0.008	0	0	0	0	TRUE	0	N/A in 2019	0	0	0	4.545454545	true / false	N/A for 2019	FALSE	0.5	STOPPED	0
188	42	0	0.12	20.05886747	46	0	-0.32	-0.06	20.059	46	0.001	0.052	0.052	0	0	0	0	0	0	0	0	0	0	0	0	0.008	0	0	0	0	0	0.008	0	0	0	0	0	0.008	0	0	0	0	TRUE	0	N/A in 2019	0	0	0	4.545454545	true / false	N/A for 2019	FALSE	0.5	STOPPED	0.125
222	33	0	0.12	20.04255094	46	0	-0.45	-0.26	20.043	46	0	0.473	-0.167	0	0	0	0	0	0	0	0	0	0	0	0	0.009	0	0	0	0	0	0.008	0	0	0	0	0	0.008	0	0	0	0	TRUE	0	N/A in 2019	0	0	0	4.545454545	true / false	N/A for 2019	FALSE	0.5	STOPPED	0
256	34	0	0.12	20.03519251	46	0	-0.13	-0.19	20.035	46	-0.008	0.168	-0.143	0	0	0	0	0	0	0	0	0	0	0	0	0.009	0	0	0	0	0	0.008	0	0	0	0	0	0.008	0	0	0	0	TRUE	0	N/A in 2019	0	0	0	4.545454545	true / false	N/A for 2019	FALSE	0.5	STOPPED	0
299	43	0	0.12	20.03487258	46	0	0	0	20.035	46	-0.006	0.077	0.077	0	0	0	0	0	0	0	0	0	0	0	0	0.009	0	0	0	0	0	0.008	0	0	0	0	0	0.008	0	0	0	0	TRUE	0	N/A in 2019	0	0	0	4.545454545	true / false	N/A for 2019	FALSE	0.5	STOPPED	0
333	34	0	0.12	20.03487258	46	0	0	0	20.035	46	-0.001	0.076	0.076	0	0	0	0	0	0	0	0	0	0	0	0	0.009	0	0	0	0	0	0.008	0	0	0	0	0	0.008	0	0	0	0	TRUE	0	N/A in 2019	0	0	0	4.545454545	true / false	N/A for 2019	FALSE	0.5	STOPPED	0
388	55	0	0.12	20.03487258	46	0	0	0	20.035	46	0	0.105	0.105	0	0	0	0	0	0	0	0	0	0	0	0	0.009	0	0	0	0	0	0.008	0	0	0	0	0	0.008	0	0	0	0	TRUE	0	N/A in 2019	0	0	0	4.545454545	true / false	N/A for 2019	FALSE	0.5	STOPPED	0
446	57	3.5	8	20.03487258	46	0	3.84	0.06	20.035	46	0	0.083	0.083	0	0	0	0	0	0	0	0	0	0	0	0	0.009	0	0	0	0	0	0.009	0	0	0	0	0	0.009	0	0	0	0	TRUE	0	N/A in 2019	0	0	0	4.545454545	true / false	N/A for 2019	FALSE	0.5	STOPPED	0
487	41	28.25	8	20.15356731	45.99998964	-0.01	-3.39	1.47	20.153	46	-0.009	1.869	3.54	0	0	0	0	0	0	0	0	0	0	0	0	0.009	0	0	0	0	0	0.009	0	0	0	0	0	0.009	0	0	0	0	TRUE	0	N/A in 2019	0	0	0	4.545454545	true / false	N/A for 2019	FALSE	0.5	STOPPED	0
523	36	11.62	0.12	20.13341161	45.99997381	0.100000001	-0.13	0.83	20.137	46	0.103	0.593	0.381	0.001	0	0	0	0	0	0	0	0	0	0	0	0.009	0	0	0	0	0	0.008	0	0	0	0	0	0.008	0	0	0	0	TRUE	0	N/A in 2019	0	0	0	4.545454545	true / false	N/A for 2019	FALSE	0.5	STOPPED	0
563	40	23.25	10.62	20.37336026	46.00032978	0.07	12.09	11.01	20.364	46	0.073	-5.613	3.619	0.001	0	0	0	0	0	0	0	0	0	0	0	0.009	0	0	0	0	0	0.008	0	0	0	0	0	0.008	0	0	0	0	TRUE	0	N/A in 2019	0	0	0	4.545454545	true / false	N/A for 2019	FALSE	0.5	STOPPED	0
592	29	28	7	20.54004443	46.00066434	0.159999996	-0.7	1.47	20.535	46.001	0.274	-1.053	5.162	0.001	0	0	0	0	0	0	0	0	0	0	0	0.009	0	0	0	0	0	0.008	0	0	0	0	0	0.008	0	0	0	0	TRUE	0	N/A in 2019	0	0	0	4.545454545	true / false	N/A for 2019	FALSE	0.5	STOPPED	0
622	29	12.5	0.12	20.55284161	46.00071124	0.25999999	0.26	1.28	20.555	46.001	0.341	-0.006	-0.21	0.002	0	0	0	0	0	0	0	0	0	0	0	0.009	0	0	0	0	0	0.008	0	0	0	0	0	0.008	0	0	0	0	TRUE	0	N/A in 2019	0	0	0	4.545454545	true / false	N/A for 2019	FALSE	0.5	STOPPED	0
652	29	3.88	15.38	20.73872027	46.0015223	0.239999995	12.03	6.65	20.729	46.002	0.259	-2.69	3.431	0.002	0	0	0	0	0	0	0	0	0	0	0	0.009	0	0	0	0	0	0.008	0	0	0	0	0	0.008	0	0	0	0	TRUE	0	N/A in 2019	0	0	0	4.545454545	true / false	N/A for 2019	FALSE	0.5	STOPPED	0
693	41	2	33.62	21.06888813	46.00261718	0.140000001	8.89	1.73	21.049	46.003	0.243	-15.88	5.599	0.002	0	0	0	0	0	0	0	0	0	0	0	0.009	0	0	0	0	0	0.008	0	0	0	0	0	0.008	0	0	0	0	TRUE	0	N/A in 2019	0	0	0	4.545454545	true / false	N/A for 2019	FALSE	0.5	STOPPED	0.125
722	28	0	12.25	21.1974999	46.00231415	-0.409999996	0.26	3.2	21.2	46.002	0.018	-1.169	2.935	0	0	0	0	0	0	0	0	0	0	0	0	0.009	0	0	0	0	0	0.008	0	0	0	0	0	0.008	0	0	0	0	TRUE	0	N/A in 2019	0	0	0	4.545454545	true / false	N/A for 2019	FALSE	0.5	STOPPED	0
751	28	0	0.12	21.25092668	46.00187121	-0.540000021	3.58	0.58	21.251	46.002	-0.362	-1.784	0.843	0	0	0	0	0	0	0	0	0	0	0	0	0.009	0	0	0	0	0	0.008	0	0	0	0	0	0.008	0	0	0	0	TRUE	0	N/A in 2019	0	0	0	4.636363636	true / false	N/A for 2019	FALSE	0.5	STOPPED	0
778	26	0	0.12	21.32386785	46.00117737	-0.550000012	1.73	3.78	21.325	46.001	-0.474	-1.576	2.095	0	0	0	0	0	0	0	0	0	0	0	0	0.009	0	0	0	0	0	0.008	0	0	0	0	0	0.008	0	0	0	0	TRUE	0	N/A in 2019	0	0	0	4.636363636	true / false	N/A for 2019	FALSE	0.5	STOPPED	0
817	38	0	0.12	21.45503442	45.99997546	-0.5	4.29	6.08	21.456	46	-0.449	-2.505	4.363	0	0	0	0	0	0	0	0	0	0	0	0	0.009	0	0	0	0	0	0.008	0	0	0	0	0	0.008	0	0	0	0	TRUE	0	N/A in 2019	0	0	0.272727273	4.636363636	true / false	N/A for 2019	FALSE	0.5	STOPPED	0
845	28	0	0.12	21.63163181	45.99865009	-0.360000014	3.9	4.22	21.631	45.999	-0.279	-3.174	4.065	0	0	0	0	0	0	0	0	0	0	0	0	0.009	0	0	0	0	0	0.008	0	0	0	0	0	0.008	0	0	0	0	TRUE	0	N/A in 2019	0	0	0.272727273	4.636363636	true / false	N/A for 2019	FALSE	0.5	STOPPED	0
872	26	0	0.12	21.71417261	45.99813146	-0.360000014	3.39	3.01	21.713	45.998	-0.252	-2.678	2.669	0	0	0	0	0	0	0	0	0	0	0	0	0.009	0	0	0	0	0	0.008	0	0	0	0	0	0.008	0	0	0	0	TRUE	0	N/A in 2019	0	0	0.272727273	4.636363636	true / false	N/A for 2019	FALSE	0.5	STOPPED	0
899	26	0	0.12	21.79671331	45.99759843	-0.379999995	3.07	2.37	21.796	45.998	-0.283	-2.366	1.955	0	0	0	0	0	0	0	0	0	0	0	0	0.009	0	0	0	0	0	0.008	0	0	0	0	0	0.008	0	0	0	0	TRUE	0	N/A in 2019	0	0	0.272727273	4.636363636	true / false	N/A for 2019	FALSE	0.5	STOPPED	0.125
939	39	0	0.12	21.83894337	45.99731466	-0.389999986	1.34	1.34	21.838	45.997	-0.31	-1.537	1.606	0	0	0	0	0	0	0	0	0	0	0	0	0.009	0	0	0	0	0	0.008	0	0	0	0	0	0.008	0	0	0	0	TRUE	0	N/A in 2019	0	0	0.272727273	5.090909091	true / false	N/A for 2019	FALSE	0.5	STOPPED	0
971	31	0	0.12	21.88085348	45.99702938	-0.389999986	0.45	0.7	21.881	45.997	-0.329	-0.611	1.034	0	0	0	0	0	0	0	0	0	0	0	0	0.009	0	0	0	0	0	0.008	0	0	0	0	0	0.008	0	0	0	0	TRUE	0	N/A in 2019	0	0	0.272727273	5.090909091	true / false	N/A for 2019	FALSE	0.5	STOPPED	0
996	24	0	0.12	21.8824531	45.99701877	-0.370000005	0	0	21.882	45.997	-0.339	0.08	0.185	0	0	0	0	0	0	0	0	0	0	0	0	0.009	0	0	0	0	0	0.008	0	0	0	0	0	0.008	0	0	0	0	TRUE	0	N/A in 2019	0	0	0.272727273	5.090909091	true / false	N/A for 2019	FALSE	0.5	STOPPED	0
1085	88	16.62	19	21.94195912	45.99662411	-0.389999986	11.45	15.93	21.941	45.997	-0.378	-1.033	-0.089	0	0	0	0	0	0	0	0	0	0	0	0	0.009	0	0	0	0	0	0.008	0	0	0	0	0	0.008	0	0	0	0	TRUE	0	N/A in 2019	0	0	0.272727273	5.090909091	true / false	N/A for 2019	FALSE	0.5	STOPPED	0
1109	23	8.88	11	22.66402352	45.99101593	-0.5	1.09	-0.45	22.664	45.991	-0.469	-1.568	1.92	0	0	0	0	0	0	0	0	0	0	0	0	0.01	0	0	0	0	0	0.009	0	0	0	0	0	0.009	0	0	0	0	TRUE	0	N/A in 2019	0	0	0.272727273	5.090909091	true / false	N/A for 2019	FALSE	0.5	STOPPED	0
1129	20	1.62	2.75	22.69601551	45.99073953	-0.49000001	0	1.73	22.696	45.991	-0.444	0.117	1.051	0	0	0	0	0	0	0	0	0	0	0	0	0.009	0	0	0	0	0	0.008	0	0	0	0	0	0.008	0	0	0	0	TRUE	0	N/A in 2019	0	0	0.272727273	5.090909091	true / false	N/A for 2019	FALSE	0.5	STOPPED	0
1158	29	0	0.12	22.69665535	45.990734	-0.5	0.32	0.06	22.697	45.991	-0.474	0.032	0.176	0	0	0	0	0	0	0	0	0	0	0	0	0.008	0	0	0	0	0	0.007	0	0	0	0	0	0.007	0	0	0	0	TRUE	0	N/A in 2019	0	0	0.272727273	5.090909091	true / false	N/A for 2019	FALSE	0.5	STOPPED	0
1176	18	3.88	6.12	22.75232125	45.99023364	-0.529999971	2.62	1.28	22.752	45.99	-0.515	-1.273	0.273	0	0	0	0	0	0	0	0	0	0	0	0	0.009	0	0	0	0	0	0.008	0	0	0	0	0	0.008	0	0	0	0	TRUE	0	N/A in 2019	0	0	0.272727273	5.090909091	true / false	N/A for 2019	FALSE	0.5	STOPPED	0
1207	31	3.88	6.25	22.9679468	45.98831426	-0.49000001	12.54	14.08	22.967	45.988	-0.483	-6.183	2.714	0	0	0	0	0	0	0	0	0	0	0	0	0.008	0	0	0	0	0	0.007	0	0	0	0	0	0.007	0	0	0	0	TRUE	0	N/A in 2019	0	0	0.272727273	5.090909091	true / false	N/A for 2019	FALSE	0.5	STOPPED	0
1227	20	3.75	6.12	23.29266742	45.98573552	-0.419999987	7.87	10.3	23.298	45.986	-0.311	-6.28	10.7	0	0	0	0	0	0	0	0	0	0	0	0	0.009	0	0	0	0	0	0.008	0	0	0	0	0	0.008	0	0	0	0	TRUE	0	N/A in 2019	0	0	0.272727273	5.090909091	true / false	N/A for 2019	FALSE	0.5	STOPPED	0
1244	17	1.12	0.62	23.33201798	45.98544706	-0.419999987	3.78	3.39	23.332	45.985	-0.206	-2.759	3.752	0	0	0	0	0	0	0	0	0	0	0	0	0.008	0	0	0	0	0	0.007	0	0	0	0	0	0.007	0	0	0	0	TRUE	0	N/A in 2019	0	0	0.272727273	5.090909091	true / false	N/A for 2019	FALSE	0.5	STOPPED	0
1264	19	0	0.25	23.381606	45.98507057	-0.449999988	2.62	2.5	23.382	45.985	-0.306	-2.004	1.46	0	0	0	0	0	0	0	0	0	0	0	0	0.008	0	0	0	0	0	0.007	0	0	0	0	0	0.007	0	0	0	0	TRUE	0	N/A in 2019	0	0	0.272727273	5.090909091	true / false	N/A for 2019	FALSE	0.5	STOPPED	0
1284	20	0	0.25	23.41967669	45.98476824	-0.460000008	0.64	3.39	23.42	45.985	-0.376	-0.798	2.34	0	0	0	0	0	0	0	0	0	0	0	0	0.008	0	0	0	0	0	0.007	0	0	0	0	0	0.007	0	0	0	0	TRUE	0	N/A in 2019	0	0	0.272727273	5.090909091	true / false	N/A for 2019	FALSE	0.5	STOPPED	0
1300	16	0	0.12	23.43503291	45.98464227	-0.479999989	0	2.18	23.435	45.985	-0.415	-0.051	1.923	0	0	0	0	0	0	0	0	0	0	0	0	0.008	0	0	0	0	0	0.007	0	0	0	0	0	0.007	0	0	0	0	TRUE	0	N/A in 2019	0	0	0.272727273	5.090909091	true / false	N/A for 2019	FALSE	0.5	STOPPED	0
1328	28	0	0.12	23.43599267	45.98463423	-0.479999989	0.51	0	23.436	45.985	-0.439	-0.007	0.756	0	0	0	0	0	0	0	0	0	0	0	0	0.008	0	0	0	0	0	0.007	0	0	0	0	0	0.007	0	0	0	0	TRUE	0	N/A in 2019	0	0	0.272727273	5.090909091	true / false	N/A for 2019	FALSE	0.5	STOPPED	0
1347	18	0	0.12	23.47854218	45.98428518	-0.460000008	2.56	0	23.478	45.984	-0.445	-1.756	-0.006	0	0	0	0	0	0	0	0	0	0	0	0	0.009	0	0	0	0	0	0.008	0	0	0	0	0	0.008	0	0	0	0	TRUE	0	N/A in 2019	0	0	0.272727273	5.090909091	true / false	N/A for 2019	FALSE	0.5	STOPPED	0
1363	16	0	0.12	23.49453826	45.98415676	-0.460000008	2.05	0.32	23.494	45.984	-0.437	-1.751	0.128	0	0	0	0	0	0	0	0	0	0	0	0	0.008	0	0	0	0	0	0.007	0	0	0	0	0	0.007	0	0	0	0	TRUE	0	N/A in 2019	0	0	0.272727273	5.090909091	true / false	N/A for 2019	FALSE	0.5	STOPPED	0
1379	16	0	0.12	23.50509566	45.98407107	-0.469999999	0.83	1.09	23.505	45.984	-0.44	-0.596	0.62	0	0	0	0	0	0	0	0	0	0	0	0	0.008	0	0	0	0	0	0.007	0	0	0	0	0	0.007	0	0	0	0	TRUE	0	N/A in 2019	0	0	0.272727273	5.090909091	true / false	N/A for 2019	FALSE	0.5	STOPPED	0
1397	17	0	0.12	23.51117416	45.98402068	-0.479999989	0	1.02	23.511	45.984	-0.455	-0.01	0.718	0	0	0	0	0	0	0	0	0	0	0	0	0.008	0	0	0	0	0	0.007	0	0	0	0	0	0.007	0	0	0	0	TRUE	0	N/A in 2019	0	0	0.272727273	5.090909091	true / false	N/A for 2019	FALSE	0.5	STOPPED	0
1415	17	0	0.12	23.51661281	45.98397512	-0.479999989	0	0.51	23.517	45.984	-0.464	-0.01	0.444	0	0	0	0	0	0	0	0	0	0	0	0	0.008	0	0	0	0	0	0.007	0	0	0	0	0	0.007	0	0	0	0	TRUE	0	N/A in 2019	0	0	0.272727273	5.090909091	true / false	N/A for 2019	FALSE	0.5	STOPPED	0.125
1441	26	0	0.12	23.51981202	45.98394831	-0.479999989	0	0.19	23.52	45.984	-0.47	-0.009	0.309	0	0	0	0	0	0	0	0	0	0	0	0	0.008	0	0	0	0	0	0.007	0	0	0	0	0	0.007	0	0	0	0	TRUE	0	N/A in 2019	0	0	0.272727273	5.090909091	true / false	N/A for 2019	FALSE	0.5	STOPPED	0
1459	18	0	0.12	23.52045186	45.98394295	-0.479999989	0	0.06	23.52	45.984	-0.473	-0.006	0.043	0	0	0	0	0	0	0	0	0	0	0	0	0.009	0	0	0	0	0	0.008	0	0	0	0	0	0.008	0	0	0	0	TRUE	0	N/A in 2019	0	0	0.272727273	5.090909091	true / false	N/A for 2019	FALSE	0.5	STOPPED	0
1492	29	0	0.12	23.51981202	45.98394837	-0.49000001	0	0	23.52	45.984	-0.485	-0.004	-0.004	0	0	0	0	0	0	0	0	0	0	0	0	0.009	0	0	0	0	0	0.008	0	0	0	0	0	0.008	0	0	0	0	TRUE	0	N/A in 2019	0	0	0.272727273	5.090909091	true / false	N/A for 2019	FALSE	0.5	STOPPED	0
1510	17	0	0.12	23.51725265	45.98397003	-0.479999989	0	-0.19	23.517	45.984	-0.481	-0.001	-0.098	0	0	0	0	0	0	0	0	0	0	0	0	0.009	0	0	0	0	0	0.008	0	0	0	0	0	0.008	0	0	0	0	TRUE	0	N/A in 2019	0	0	0.272727273	5.090909091	true / false	N/A for 2019	FALSE	0.5	STOPPED	0
1538	28	0	0.12	23.51021439	45.98402839	-0.469999999	0	-0.45	23.51	45.984	-0.474	0.003	-0.39	0	0	0	0	0	0	0	0	0	0	0	0	0.009	0	0	0	0	0	0.008	0	0	0	0	0	0.008	0	0	0	0	TRUE	0	N/A in 2019	0	0	0.272727273	5.090909091	true / false	N/A for 2019	FALSE	0.5	STOPPED	0
1590	52	0	0.12	23.51021439	45.98402839	-0.479999989	0	-0.7	23.51	45.984	-0.483	0.007	-0.04	0	0	0	0	0	0	0	0	0	0	0	0	0.009	0	0	0	0	0	0.007	0	0	0	0	0	0.007	0	0	0	0	TRUE	0	N/A in 2019	0	0	0.272727273	5.090909091	true / false	N/A for 2019	FALSE	0.5	STOPPED	0
1629	38	0	0.25	23.47598288	45.98431517	-0.479999989	0	-1.15	23.476	45.984	-0.481	0.004	-0.941	0	0	0	0	0	0	0	0	0	0	0	0	0.01	0	0	0	0	0	0.009	0	0	0	0	0	0.009	0	0	0	0	TRUE	0	N/A in 2019	0	0	0.272727273	5.090909091	true / false	N/A for 2019	FALSE	0.5	STOPPED	0
1649	20	0.75	1.12	23.48718011	45.98422136	-0.479999989	0	2.18	23.487	45.984	-0.493	0.017	-0.543	0	0	0	0	0	0	0	0	0	0	0	0	0.009	0	0	0	0	0	0.008	0	0	0	0	0	0.008	0	0	0	0	TRUE	0	N/A in 2019	0	0	0.272727273	5.090909091	true / false	N/A for 2019	FALSE	0.5	STOPPED	0
